low	s02/output.out:   10    -118.5234973542      9.31E-07 Convergence criterion met
	s04/output.out:   28    -118.2071929161      9.68E-07 Convergence criterion met
	s06/output.out:   39    -117.8289593107      4.48E-07 Convergence criterion met

low	s11/output.out:    9    -118.2395387290      9.84E-07 Convergence criterion met
	s13/output.out:   30    -118.0751681553      6.69E-07 Convergence criterion met
	s15/output.out:   18    -117.6911701145      6.06E-07 Convergence criterion met
